# name: debug
# type: sparse matrix
# nnz: 9
# rows: 3
# columns: 3

1 1 0.000000000
2 1 0.000000000
3 1 0.000000000
1 2 0.000000000
2 2 0.000000000
3 2 0.000000000
1 3 0.000000000
2 3 0.000000000
3 3 0.000000000
